[1] 빙고판 크기는 : 5 X 5입니다. 
[2] 모드 : vs cpu 
[3] 보드설정 : 랜덤 
[4] 난이도 hard : 1 ~ 100 
[5] 승리 조건은  3줄이상 빙고입니다.  

=============================

=============================
===========사용된 숫자 입니다 ===========

========================================
  97   41    6   45   37           76   96   35   33   66 
  94   14    2   43   13           28   75   97   12   47 
  15   38   51   85   87           18    2   14   30   80 
  24   98   78   92   32           77   44   90   51   49 
  30   93   71   19   22           13   23   82   58    7 

========================================

========================================
user차례  
===========사용된 숫자 입니다 ===========
  51 
========================================
  97   41    6   45   37           76   96   35   33   66 
  94   14    2   43   13           28   75   97   12   47 
  15   38   O    85   87           18    2   14   30   80 
  24   98   78   92   32           77   44   90   O    49 
  30   93   71   19   22           13   23   82   58    7 

========================================
0빙고

========================================
cpu차례  
===========사용된 숫자 입니다 ===========
  51   77 
========================================
  97   41    6   45   37           76   96   35   33   66 
  94   14    2   43   13           28   75   97   12   47 
  15   38   O    85   87           18    2   14   30   80 
  24   98   78   92   32           O    44   90   O    49 
  30   93   71   19   22           13   23   82   58    7 

========================================
0빙고

========================================
user차례  
===========사용된 숫자 입니다 ===========
  51   77   92 
========================================
  97   41    6   45   37           76   96   35   33   66 
  94   14    2   43   13           28   75   97   12   47 
  15   38   O    85   87           18    2   14   30   80 
  24   98   78   O    32           O    44   90   O    49 
  30   93   71   19   22           13   23   82   58    7 

========================================
0빙고

========================================
cpu차례  
===========사용된 숫자 입니다 ===========
  44   51   77   92 
========================================
  97   41    6   45   37           76   96   35   33   66 
  94   14    2   43   13           28   75   97   12   47 
  15   38   O    85   87           18    2   14   30   80 
  24   98   78   O    32           O    O    90   O    49 
  30   93   71   19   22           13   23   82   58    7 

========================================
0빙고

========================================
user차례  
===========사용된 숫자 입니다 ===========
  22   44   51   77   92 
========================================
  97   41    6   45   37           76   96   35   33   66 
  94   14    2   43   13           28   75   97   12   47 
  15   38   O    85   87           18    2   14   30   80 
  24   98   78   O    32           O    O    90   O    49 
  30   93   71   19   O            13   23   82   58    7 

========================================
0빙고

========================================
cpu차례  
===========사용된 숫자 입니다 ===========
  22   44   51   77   90 
  92 
========================================
  97   41    6   45   37           76   96   35   33   66 
  94   14    2   43   13           28   75   97   12   47 
  15   38   O    85   87           18    2   14   30   80 
  24   98   78   O    32           O    O    O    O    49 
  30   93   71   19   O            13   23   82   58    7 

========================================
0빙고

========================================
user차례  
===========사용된 숫자 입니다 ===========
  14   22   44   51   77 
  90   92 
========================================
  97   41    6   45   37           76   96   35   33   66 
  94   O     2   43   13           28   75   97   12   47 
  15   38   O    85   87           18    2   O    30   80 
  24   98   78   O    32           O    O    O    O    49 
  30   93   71   19   O            13   23   82   58    7 

========================================
0빙고

========================================
cpu차례  
===========사용된 숫자 입니다 ===========
  14   22   44   49   51 
  77   90   92 
========================================
  97   41    6   45   37           76   96   35   33   66 
  94   O     2   43   13           28   75   97   12   47 
  15   38   O    85   87           18    2   O    30   80 
  24   98   78   O    32           O    O    O    O    O  
  30   93   71   19   O            13   23   82   58    7 

========================================
1빙고

========================================
user차례  
===========사용된 숫자 입니다 ===========
  14   22   44   49   51 
  77   90   92   97 
========================================
  O    41    6   45   37           76   96   35   33   66 
  94   O     2   43   13           28   75   O    12   47 
  15   38   O    85   87           18    2   O    30   80 
  24   98   78   O    32           O    O    O    O    O  
  30   93   71   19   O            13   23   82   58    7 

========================================
1빙고

========================================
cpu차례  
===========사용된 숫자 입니다 ===========
  14   22   35   44   49 
  51   77   90   92   97 
========================================
  O    41    6   45   37           76   96   O    33   66 
  94   O     2   43   13           28   75   O    12   47 
  15   38   O    85   87           18    2   O    30   80 
  24   98   78   O    32           O    O    O    O    O  
  30   93   71   19   O            13   23   82   58    7 

========================================
1빙고

========================================
user차례  
===========사용된 숫자 입니다 ===========
  14   22   35   43   44 
  49   51   77   90   92 
  97 
========================================
  O    41    6   45   37           76   96   O    33   66 
  94   O     2   O    13           28   75   O    12   47 
  15   38   O    85   87           18    2   O    30   80 
  24   98   78   O    32           O    O    O    O    O  
  30   93   71   19   O            13   23   82   58    7 

========================================
1빙고

========================================
cpu차례  
===========사용된 숫자 입니다 ===========
  14   22   35   43   44 
  49   51   77   82   90 
  92   97 
========================================
  O    41    6   45   37           76   96   O    33   66 
  94   O     2   O    13           28   75   O    12   47 
  15   38   O    85   87           18    2   O    30   80 
  24   98   78   O    32           O    O    O    O    O  
  30   93   71   19   O            13   23   O    58    7 

========================================
2빙고

========================================
user차례  
===========사용된 숫자 입니다 ===========
  14   17   22   35   43 
  44   49   51   77   82 
  90   92   97 
========================================
  O    41    6   45   37           76   96   O    33   66 
  94   O     2   O    13           28   75   O    12   47 
  15   38   O    85   87           18    2   O    30   80 
  24   98   78   O    32           O    O    O    O    O  
  30   93   71   19   O            13   23   O    58    7 

========================================
1빙고

========================================
cpu차례  
===========사용된 숫자 입니다 ===========
  14   17   22   35   43 
  44   49   51   76   77 
  82   90   92   97 
========================================
  O    41    6   45   37           O    96   O    33   66 
  94   O     2   O    13           28   75   O    12   47 
  15   38   O    85   87           18    2   O    30   80 
  24   98   78   O    32           O    O    O    O    O  
  30   93   71   19   O            13   23   O    58    7 

========================================
2빙고

========================================
user차례  
===========사용된 숫자 입니다 ===========
  14   17   22   35   37 
  43   44   49   51   76 
  77   82   90   92   97 
========================================
  O    41    6   45   O            O    96   O    33   66 
  94   O     2   O    13           28   75   O    12   47 
  15   38   O    85   87           18    2   O    30   80 
  24   98   78   O    32           O    O    O    O    O  
  30   93   71   19   O            13   23   O    58    7 

========================================
1빙고

========================================
cpu차례  
===========사용된 숫자 입니다 ===========
  14   17   22   35   37 
  43   44   49   51   75 
  76   77   82   90   92 
  97 
========================================
  O    41    6   45   O            O    96   O    33   66 
  94   O     2   O    13           28   O    O    12   47 
  15   38   O    85   87           18    2   O    30   80 
  24   98   78   O    32           O    O    O    O    O  
  30   93   71   19   O            13   23   O    58    7 

========================================
2빙고

========================================
user차례  
===========사용된 숫자 입니다 ===========
  14   17   22   35   37 
  43   44   49   51   75 
  76   77   82   90   92 
  97   98 
========================================
  O    41    6   45   O            O    96   O    33   66 
  94   O     2   O    13           28   O    O    12   47 
  15   38   O    85   87           18    2   O    30   80 
  24   O    78   O    32           O    O    O    O    O  
  30   93   71   19   O            13   23   O    58    7 

========================================
1빙고

========================================
cpu차례  
===========사용된 숫자 입니다 ===========
   7   14   17   22   35 
  37   43   44   49   51 
  75   76   77   82   90 
  92   97   98 
========================================
  O    41    6   45   O            O    96   O    33   66 
  94   O     2   O    13           28   O    O    12   47 
  15   38   O    85   87           18    2   O    30   80 
  24   O    78   O    32           O    O    O    O    O  
  30   93   71   19   O            13   23   O    58   O  

========================================
3빙고

========================================
