[1] 빙고판 크기는 : 4 X 4입니다. 
[2] 모드 : 1인용 
[3] 보드설정 : 랜덤 
[4] 난이도 easy : 1 ~ 16 
[5] 승리 조건은  2줄이상 빙고입니다.  

=============================

=============================
===========사용된 숫자 입니다 ===========

========================================
  16    3    2    8            9    4    6   16 
   5    1   13   15            2   11   12   10 
  14    9   10    6            1    7   13   14 
  12    4   11    7            8    3   15    5 

========================================

========================================
===========사용된 숫자 입니다 ===========
   9 
========================================
  16    3    2    8            9    4    6   16 
   5    1   13   15            2   11   12   10 
  14   O    10    6            1    7   13   14 
  12    4   11    7            8    3   15    5 

========================================

========================================
===========사용된 숫자 입니다 ===========
   9   10 
========================================
  16    3    2    8            9    4    6   16 
   5    1   13   15            2   11   12   10 
  14   O    O     6            1    7   13   14 
  12    4   11    7            8    3   15    5 

========================================

========================================
===========사용된 숫자 입니다 ===========
   6    9   10 
========================================
  16    3    2    8            9    4    6   16 
   5    1   13   15            2   11   12   10 
  14   O    O    O             1    7   13   14 
  12    4   11    7            8    3   15    5 

========================================

========================================
===========사용된 숫자 입니다 ===========
   6    9   10   14 
========================================
  16    3    2    8            9    4    6   16 
   5    1   13   15            2   11   12   10 
  O    O    O    O             1    7   13   14 
  12    4   11    7            8    3   15    5 

========================================

========================================
===========사용된 숫자 입니다 ===========
   6    9   10   13   14 
========================================
  16    3    2    8            9    4    6   16 
   5    1   O    15            2   11   12   10 
  O    O    O    O             1    7   13   14 
  12    4   11    7            8    3   15    5 

========================================

========================================
===========사용된 숫자 입니다 ===========
   6    8    9   10   13 
  14 
========================================
  16    3    2   O             9    4    6   16 
   5    1   O    15            2   11   12   10 
  O    O    O    O             1    7   13   14 
  12    4   11    7            8    3   15    5 

========================================

========================================
===========사용된 숫자 입니다 ===========
   6    8    9   10   12 
  13   14 
========================================
  16    3    2   O             9    4    6   16 
   5    1   O    15            2   11   12   10 
  O    O    O    O             1    7   13   14 
  O     4   11    7            8    3   15    5 

========================================

========================================
