[1] 빙고판 크기는 : 5 X 5입니다. 
[2] 모드 : 1인용 
[3] 보드설정 : 랜덤 
[4] 난이도 easy : 1 ~ 25 
[5] 승리 조건은  3줄이상 빙고입니다.  

=============================

=============================
===========사용된 숫자 입니다 ===========

========================================
  23    5   22   15   25            8   12   20   21    9 
   8   12   11    1   21           14   18    5    3    4 
  13   18    2   10    7           10   25   24   23    7 
   3   24   16    4   19           22    1   19   17   13 
  20    6    9   17   14            2   11   15   16    6 

========================================

========================================
===========사용된 숫자 입니다 ===========
  25 
========================================
  23    5   22   15   O             8   12   20   21    9 
   8   12   11    1   21           14   18    5    3    4 
  13   18    2   10    7           10   25   24   23    7 
   3   24   16    4   19           22    1   19   17   13 
  20    6    9   17   14            2   11   15   16    6 

========================================

========================================
===========사용된 숫자 입니다 ===========
  24   25 
========================================
  23    5   22   15   O             8   12   20   21    9 
   8   12   11    1   21           14   18    5    3    4 
  13   18    2   10    7           10   25   24   23    7 
   3   O    16    4   19           22    1   19   17   13 
  20    6    9   17   14            2   11   15   16    6 

========================================

========================================
===========사용된 숫자 입니다 ===========
  21   24   25 
========================================
  23    5   22   15   O             8   12   20   21    9 
   8   12   11    1   O            14   18    5    3    4 
  13   18    2   10    7           10   25   24   23    7 
   3   O    16    4   19           22    1   19   17   13 
  20    6    9   17   14            2   11   15   16    6 

========================================

========================================
===========사용된 숫자 입니다 ===========
  21   22   24   25 
========================================
  23    5   O    15   O             8   12   20   21    9 
   8   12   11    1   O            14   18    5    3    4 
  13   18    2   10    7           10   25   24   23    7 
   3   O    16    4   19           22    1   19   17   13 
  20    6    9   17   14            2   11   15   16    6 

========================================

========================================
===========사용된 숫자 입니다 ===========
   1   21   22   24   25 
========================================
  23    5   O    15   O             8   12   20   21    9 
   8   12   11   O    O            14   18    5    3    4 
  13   18    2   10    7           10   25   24   23    7 
   3   O    16    4   19           22    1   19   17   13 
  20    6    9   17   14            2   11   15   16    6 

========================================

========================================
===========사용된 숫자 입니다 ===========
   1    2   21   22   24 
  25 
========================================
  23    5   O    15   O             8   12   20   21    9 
   8   12   11   O    O            14   18    5    3    4 
  13   18   O    10    7           10   25   24   23    7 
   3   O    16    4   19           22    1   19   17   13 
  20    6    9   17   14            2   11   15   16    6 

========================================

========================================
===========사용된 숫자 입니다 ===========
   1    2    3   21   22 
  24   25 
========================================
  23    5   O    15   O             8   12   20   21    9 
   8   12   11   O    O            14   18    5    3    4 
  13   18   O    10    7           10   25   24   23    7 
  O    O    16    4   19           22    1   19   17   13 
  20    6    9   17   14            2   11   15   16    6 

========================================

========================================
===========사용된 숫자 입니다 ===========
   1    2    3    5   21 
  22   24   25 
========================================
  23   O    O    15   O             8   12   20   21    9 
   8   12   11   O    O            14   18    5    3    4 
  13   18   O    10    7           10   25   24   23    7 
  O    O    16    4   19           22    1   19   17   13 
  20    6    9   17   14            2   11   15   16    6 

========================================

========================================
===========사용된 숫자 입니다 ===========
   1    2    3    4    5 
  21   22   24   25 
========================================
  23   O    O    15   O             8   12   20   21    9 
   8   12   11   O    O            14   18    5    3    4 
  13   18   O    10    7           10   25   24   23    7 
  O    O    16   O    19           22    1   19   17   13 
  20    6    9   17   14            2   11   15   16    6 

========================================

========================================
===========사용된 숫자 입니다 ===========
   1    2    3    4    5 
   6   21   22   24   25 
========================================
  23   O    O    15   O             8   12   20   21    9 
   8   12   11   O    O            14   18    5    3    4 
  13   18   O    10    7           10   25   24   23    7 
  O    O    16   O    19           22    1   19   17   13 
  20   O     9   17   14            2   11   15   16    6 

========================================

========================================
===========사용된 숫자 입니다 ===========
   1    2    3    4    5 
   6    7   21   22   24 
  25 
========================================
  23   O    O    15   O             8   12   20   21    9 
   8   12   11   O    O            14   18    5    3    4 
  13   18   O    10   O            10   25   24   23    7 
  O    O    16   O    19           22    1   19   17   13 
  20   O     9   17   14            2   11   15   16    6 

========================================

========================================
===========사용된 숫자 입니다 ===========
   1    2    3    4    5 
   6    7    8   21   22 
  24   25 
========================================
  23   O    O    15   O             8   12   20   21    9 
  O    12   11   O    O            14   18    5    3    4 
  13   18   O    10   O            10   25   24   23    7 
  O    O    16   O    19           22    1   19   17   13 
  20   O     9   17   14            2   11   15   16    6 

========================================

========================================
===========사용된 숫자 입니다 ===========
   1    2    3    4    5 
   6    7    8    9   21 
  22   24   25 
========================================
  23   O    O    15   O             8   12   20   21    9 
  O    12   11   O    O            14   18    5    3    4 
  13   18   O    10   O            10   25   24   23    7 
  O    O    16   O    19           22    1   19   17   13 
  20   O    O    17   14            2   11   15   16    6 

========================================

========================================
===========사용된 숫자 입니다 ===========
   1    2    3    4    5 
   6    7    8    9   10 
  21   22   24   25 
========================================
  23   O    O    15   O             8   12   20   21    9 
  O    12   11   O    O            14   18    5    3    4 
  13   18   O    O    O            10   25   24   23    7 
  O    O    16   O    19           22    1   19   17   13 
  20   O    O    17   14            2   11   15   16    6 

========================================

========================================
===========사용된 숫자 입니다 ===========
   1    2    3    4    5 
   6    7    8    9   10 
  11   21   22   24   25 
========================================
  23   O    O    15   O             8   12   20   21    9 
  O    12   O    O    O            14   18    5    3    4 
  13   18   O    O    O            10   25   24   23    7 
  O    O    16   O    19           22    1   19   17   13 
  20   O    O    17   14            2   11   15   16    6 

========================================

========================================
===========사용된 숫자 입니다 ===========
   1    2    3    4    5 
   6    7    8    9   10 
  11   12   21   22   24 
  25 
========================================
  23   O    O    15   O             8   12   20   21    9 
  O    O    O    O    O            14   18    5    3    4 
  13   18   O    O    O            10   25   24   23    7 
  O    O    16   O    19           22    1   19   17   13 
  20   O    O    17   14            2   11   15   16    6 

========================================

========================================
===========사용된 숫자 입니다 ===========
   1    2    3    4    5 
   6    7    8    9   10 
  11   12   13   21   22 
  24   25 
========================================
  23   O    O    15   O             8   12   20   21    9 
  O    O    O    O    O            14   18    5    3    4 
  O    18   O    O    O            10   25   24   23    7 
  O    O    16   O    19           22    1   19   17   13 
  20   O    O    17   14            2   11   15   16    6 

========================================

========================================
===========사용된 숫자 입니다 ===========
   1    2    3    4    5 
   6    7    8    9   10 
  11   12   13   14   21 
  22   24   25 
========================================
  23   O    O    15   O             8   12   20   21    9 
  O    O    O    O    O            14   18    5    3    4 
  O    18   O    O    O            10   25   24   23    7 
  O    O    16   O    19           22    1   19   17   13 
  20   O    O    17   O             2   11   15   16    6 

========================================

========================================
===========사용된 숫자 입니다 ===========
   1    2    3    4    5 
   6    7    8    9   10 
  11   12   13   14   15 
  21   22   24   25 
========================================
  23   O    O    O    O             8   12   20   21    9 
  O    O    O    O    O            14   18    5    3    4 
  O    18   O    O    O            10   25   24   23    7 
  O    O    16   O    19           22    1   19   17   13 
  20   O    O    17   O             2   11   15   16    6 

========================================

========================================
===========사용된 숫자 입니다 ===========
   1    2    3    4    5 
   6    7    8    9   10 
  11   12   13   14   15 
  16   21   22   24   25 
========================================
  23   O    O    O    O             8   12   20   21    9 
  O    O    O    O    O            14   18    5    3    4 
  O    18   O    O    O            10   25   24   23    7 
  O    O    O    O    19           22    1   19   17   13 
  20   O    O    17   O             2   11   15   16    6 

========================================

========================================
===========사용된 숫자 입니다 ===========
   1    2    3    4    5 
   6    7    8    9   10 
  11   12   13   14   15 
  16   17   21   22   24 
  25 
========================================
  23   O    O    O    O             8   12   20   21    9 
  O    O    O    O    O            14   18    5    3    4 
  O    18   O    O    O            10   25   24   23    7 
  O    O    O    O    19           22    1   19   17   13 
  20   O    O    O    O             2   11   15   16    6 

========================================

========================================
